87.326 2.10532 20.9565 5.57028 2.81145 6.46177 0 0.991445 0 -0.130529
142.469 6.57757 -2.82263 8.1028 6.57757 8.66392 0 0.258819 0 0.965926
132.056 6.29757 0.269143 8.1028 6.57757 8.66392 0 0.856301 0 0.516478
122.233 6.57757 3.92858 8.1028 6.57757 8.66392 0 -0.499999 0 0.866026
113.449 4.57757 4.09522 8.1028 6.57757 8.66392 0 1.49012e-08 0 1
149.855 4.93757 -9.80073 8.1028 6.57757 8.66392 0 -0.707106 0 0.707108
155.627 3.26757 -20.2634 8.1028 6.57757 8.66392 0 0.499999 0 0.866026
102.039 2.57757 8.89737 8.1028 6.57757 8.66392 0 0.258819 0 0.965926
92.1034 0.577566 13.3734 8.1028 6.57757 8.66393 0 0.866024 0 -0.500002
161.487 4.20532 -28.8301 5.57028 2.81145 6.46177 0 1.49012e-08 0 1
111.007 2.15532 13.474 5.57028 2.81145 6.46177 0 -0.60876 0 0.793354
111.394 4.07757 42.3393 8.1028 6.57757 8.66393 0 0.973242 0 -0.229781
121.983 5.11757 37.3114 8.1028 6.57757 8.66392 0 -0.646949 0 0.762533
129.802 5.75757 40.2879 8.1028 6.57757 8.66392 0 0.595582 0 0.803295
139.239 5.38757 41.9747 8.1028 6.57757 8.66392 0 -0.331253 0 0.943542
123.714 2.41428 29.4899 6.25543 3.15725 7.25657 0 0.923881 0 0.38268
148.651 3.51757 43.8848 8.1028 6.57757 8.66392 0 1 0 -1.39773e-05
159.113 1.84757 49.6564 8.1028 6.57757 8.66392 0 -0.258808 0 0.965929
179.26 -1.61243 59.7398 8.1028 6.57757 8.66392 0 0.130537 0 0.991443
167.66 -0.152434 56.8728 8.1028 6.57757 8.66393 0 0.991446 0 0.130518
101.015 2.08757 47.4233 8.1028 6.57757 8.66393 0 0.965922 0 -0.258832
82.2089 -1.61243 59.8288 8.1028 6.57757 8.66393 0 0.793346 0 -0.608772
90.4919 0.317566 51.2163 8.1028 6.57757 8.66392 0 0.382693 0 0.923876
74.2265 -3.17243 65.0615 8.1028 6.57757 8.66392 0 -0.572352 0 0.820008
66.8782 -4.41243 65.656 8.1028 6.57757 8.66393 0 0.809192 0 0.587544
61.3596 0.685324 68.9859 5.57028 2.81145 6.46177 0 0.923879 0 -0.382685
33.7914 6.85223 -18.8934 1.05498 2.55472 1.00896 0 0.922018 0 0.387147
28.2038 6.55062 -16.274 3.94243 1.50572 1.61718 0 0.5 0 0.866025
39.5108 5.76944 -7.26523 3.94243 1.50572 1.61718 -0.0562544 0.791357 0.0431655 -0.607229
39.017 7.12333 -20.913 0.886928 2.85682 0.989859 -0.164278 -0.665266 -0.0571672 0.726062
38.825 7.48088 -21.977 0.886928 2.85682 0.989859 -0.0687808 0.301059 -0.187236 0.93251
8.90205 2.71532 4.32097 5.57028 2.81145 6.46177 0 0.970829 0 0.239772
4.57827 -2.84498 -7.13568 8.77846 7.12605 9.38638 0.0250426 -0.347138 0.0674547 0.93505
45.4601 3.29913 -19.6151 8.1028 6.57757 8.66392 0.0384535 -0.687439 -0.138652 0.711846
33.8271 2.55008 -18.8318 2.07648 2.57203 2.04704 -0.00488058 -0.636471 -0.00402755 0.771274
36.6427 4.6978 -30.1194 8.1028 6.57757 8.66392 -0.00038349 -0.336322 -0.000395331 0.941747
31.0434 0.978202 1.4704 2.26332 4.34276 2.29964 0.00437727 0.865958 -0.00782166 -0.500037
15.3716 -2.19359 1.56167 8.77849 7.12607 9.38641 0.000162249 0.955626 0.000526334 -0.294584
38.8203 -2.17359 2.1103 8.7785 7.12607 9.38642 -2.51215e-05 0.998959 0.000550201 0.0456107
27.8121 7.71532 -23.544 5.57028 2.81145 6.46177 0 0.988686 0 -0.149999
46.9021 2.72432 7.32097 5.57028 2.81145 6.46177 0 0.970829 0 0.239772
49.1045 -2.19359 0.854112 8.77849 7.12607 9.38641 -0.000412933 -0.661744 -0.000364473 0.749729
122.778 12.9338 64.8713 0.175979 0.0943463 0.115145 0.0887971 0.295499 0.0980177 0.946144
130.395 12.9224 66.0682 0.321124 0.214747 0.3964 0.0518332 0.269892 0.0869865 0.957552
123.461 12.862 67.7807 0.153492 0.102645 0.189473 0.0400708 -0.599765 -0.00891498 0.799122
123.573 12.8116 68.4604 0.437652 0.205171 0.273165 -0.0646602 0.764828 0.0252117 0.640486
119.075 12.6805 69.7967 0.318153 0.170569 0.208171 -0.021046 0.913285 0.0868533 0.397396
117.383 12.6578 64.8885 0.308084 0.144429 0.192294 -0.0858035 0.531367 -0.0352009 0.84205
126.132 12.7966 70.862 0.23113 0.123914 0.151231 0.0876068 0.173912 -0.0931698 0.976422
133.378 12.3173 75.4019 0.190913 0.12767 0.235666 -0.0464751 -0.428186 -0.0475886 0.901239
134.151 12.1767 76.8989 0.147489 0.0986309 0.182062 -0.0363774 0.0772692 -0.0381129 0.995617
111.447 11.902 70.6604 0.39654 0.185898 0.247505 -0.0916131 -0.438184 0.0986651 0.888745
111.131 11.7188 72.2358 0.700744 0.371505 0.536344 -0.0821443 0.0781559 0.179649 0.977175
146.947 11.4761 65.4941 0.14969 0.100103 0.184779 -0.029749 0.822376 0.109608 -0.557494
146.473 11.2597 71.344 0.132157 0.102964 0.130114 0.0639303 0.116967 -0.101031 0.985913
144.38 11.3251 74.1115 0.342713 0.160663 0.213908 0.0265018 -0.286286 0.0751729 0.954823
124.526 12.2755 81.1106 0.266805 0.14304 0.174574 -0.00677428 -0.634938 0.00818532 0.77249
139.484 12.3773 67.0388 0.215988 0.115796 0.141323 -0.0932776 0.418015 0.0342677 0.902989
125.003 12.9565 65.6157 0.302047 0.161934 0.197633 0.0769134 0.50306 -0.104453 0.854461
154.57 0.246799 0.473725 0.638975 0.338757 0.489066 0.00829448 0.743526 0.039745 -0.667473
153.08 0.323504 1.48 0.316229 0.169537 0.206912 0.0236126 0.743336 0.0485016 0.66674
164.202 1.1099 -7.17815 0.142369 0.11092 0.140168 -0.0369143 0.429667 0.0102558 0.902174
164.896 1.06922 -7.3976 0.310157 0.207412 0.382862 0.0448359 0.939901 0.0281688 -0.337316
27.6706 7.00112 -16.7123 0.327969 0.175831 0.214593 -0.122074 0.874806 0.0418261 -0.466971
27.9214 6.99121 -17.5976 0.407455 0.218445 0.266602 -0.0142538 0.202475 0.14562 0.968295
41.4887 8.62887 -14.2114 0.345551 0.161994 0.215679 0.18443 -0.421024 -0.0631468 0.885854
28.1826 5.72392 -12.4741 0.125259 0.0975896 0.123323 0.120135 0.0196204 -0.00936393 0.992519
39.8602 5.49722 -17.5221 0.125259 0.0975896 0.123323 0.00128251 0.601801 0.18328 0.77733
32.5819 6.00822 -6.48903 0.125259 0.0975896 0.123323 0.135906 0.97962 0.122975 0.0821692
35.4111 3.94091 2.63435 0.401746 0.188338 0.250754 0.21271 0.130232 -0.000736772 0.968397
36.0549 4.1017 2.4704 0.166819 0.111558 0.205924 0.204586 0.423611 0.129562 0.872876
36.6837 4.70868 1.36773 0.272622 0.2124 0.268408 -0.00611722 0.837809 0.135048 0.528962
43.0248 5.70535 -1.96721 0.406401 0.190521 0.25366 0.0509775 -0.555459 -0.0683684 0.827159
42.1462 5.69008 -1.79517 0.204906 0.137028 0.252939 -0.0148651 0.91604 0.0543334 0.397111
51.4498 5.15737 0.425952 0.292617 0.137179 0.18264 0.183646 -0.0806728 0.00790396 0.979645
52.3055 5.04659 1.37054 0.59449 0.315173 0.455019 -0.059411 0.927734 0.125374 -0.346499
53.7725 5.57512 -0.877821 0.446987 0.209547 0.278992 0.157809 0.180082 -0.0247426 0.970595
54.9686 5.46079 0.0810537 0.184951 0.123683 0.228306 0.0303824 0.927422 0.134008 0.347861
46.8642 4.06095 3.69406 0.723518 0.339184 0.451592 -0.0986899 0.95086 0.199154 -0.215553
42.5038 1.19036 10.2275 0.380106 0.178193 0.237247 0.046317 0.896161 0.190168 0.398229
42.2159 1.08276 9.4421 0.118744 0.0925136 0.116908 0.0461879 0.0649015 0.0685916 0.99446
53.2266 1.01746 14.8234 0.125259 0.0975896 0.123323 -0.109007 0.838682 0.0868206 -0.52649
52.7205 0.734354 16.2797 0.173716 0.11617 0.214437 0.0548473 -0.569363 -0.0403897 0.819259
54.2162 1.09055 14.8546 0.180927 0.0969989 0.118383 -0.0157577 0.986202 0.0483178 -0.15755
2.09995 0.0691783 30.8189 0.348051 0.184522 0.266396 0.069828 0.628852 -0.0368087 0.773508
6.39065 0.049366 27.4003 0.162654 0.126724 0.16014 0.0420804 -0.370237 -0.0381503 0.927199
8.44932 -0.00179864 24.4548 0.24688 0.165097 0.304752 -0.0251172 0.635237 0.0338771 0.771165
6.48076 -0.117913 24.285 0.625284 0.331499 0.478588 -0.0304238 0.900267 0.0163669 -0.433964
7.69541 0.0180767 21.524 0.224728 0.150283 0.277406 0.0347324 -0.347345 -0.0263529 0.936723
10.7827 0.00703219 32.1759 0.340772 0.180663 0.260825 -0.00487966 -0.554003 0.0335236 0.831825
10.0246 0.0254906 37.8573 0.257819 0.138222 0.168694 0.0682309 -0.447843 0.026501 0.891111
13.1474 -0.0221602 44.2672 0.30386 0.142449 0.189658 0.00164484 0.611555 -0.00970753 0.791141
4.9321 0.0207376 35.0262 0.19902 0.106699 0.130221 -0.0302963 0.990683 -0.0378219 -0.127276
6.78006 -0.083065 44.9302 0.440612 0.233594 0.337241 -0.0414183 0.708098 -0.0263493 0.704406
-1.78618 -0.00439856 35.4222 0.280607 0.187651 0.346384 0.0208866 0.181093 0.0843355 0.979621
38.8542 -0.041501 43.0127 0.694938 0.325787 0.433754 0.0578467 -0.550779 -0.0118653 0.832559
42.9168 0.0574889 35.9063 0.194662 0.151662 0.191653 0.00143174 -0.53701 0.0289511 0.843078
42.2369 0.0303544 53.0175 0.287027 0.153881 0.187805 0.0253425 0.834888 0.0237474 0.549323
48.4459 -0.0584143 46.3738 0.314963 0.16698 0.24107 -0.0249858 0.849974 -0.0496175 -0.523887
31.5216 0.0397793 36.734 0.389875 0.20902 0.255099 0.0277802 0.921463 -0.0363182 -0.385766
22.5479 -0.0259231 34.8537 0.45529 0.21344 0.284174 -0.0222775 0.840058 -0.0633121 0.538328
4.58731 -0.00112231 59.2353 0.372053 0.248805 0.459267 -0.0656284 -0.11036 -0.040497 0.990895
3.71445 0.0288584 60.9649 0.276257 0.148107 0.180758 0.00387194 0.611319 -0.0804578 0.787274
2.80495 0.0608872 63.0521 0.201164 0.156727 0.198055 -0.058661 0.723431 0.00942403 -0.687835
-0.741272 0.0295446 80.7765 0.289507 0.155211 0.189427 0.0133621 0.855925 -0.0402452 -0.515359
-3.93317 0.00594262 83.3839 0.316823 0.21187 0.39109 0.0780171 -0.00864872 -0.0164855 0.996778
5.5685 0.0351151 49.7056 0.117425 0.0914859 0.11561 0.0182473 0.685924 -0.0684302 0.724219
13.6326 0.0320372 45.4385 0.322398 0.172845 0.210949 0.0410755 0.881874 -0.0440527 0.467623
-8.61292 0.0493156 48.969 0.166144 0.129443 0.163576 -0.0686063 0.483445 0.0551924 0.870935
-6.27736 -0.110392 48.8919 0.591449 0.313562 0.452691 -0.0129382 -0.364039 0.0623809 0.929202
-6.89929 0.000141863 42.4876 0.256491 0.171524 0.316615 -0.0865504 0.51026 -0.00724032 0.855623
-8.77581 0.0338936 41.6005 0.118065 0.0919845 0.11624 0.0812208 0.323907 0.0152987 0.942472
40.0043 6.28705 -5.77121 0.345551 0.161994 0.215679 0.146558 -0.435656 0.0152705 0.88797
35.3576 5.50801 -22.9034 0.345551 0.161994 0.215679 0.158275 0.00330981 0.0341339 0.986799
12.2355 0.0215747 40.5773 0.217112 0.116399 0.142059 0.0410755 0.881874 -0.0440527 0.467623
14.3024 -0.0221602 40.6312 0.30386 0.142449 0.189658 0.00164484 0.611555 -0.00970753 0.791141
12.3503 -0.0221602 40.1638 0.303861 0.142449 0.189658 -0.00850469 0.955928 -0.00496106 -0.293435
116.517 12.6933 75.9012 0.900744 0.837256 0.827117 0.0258647 -0.320193 0.021942 0.946745
127.445 13.1567 59.5161 0.626757 0.579434 0.704645 0.00926291 -0.213492 -0.00524398 0.976887
106.803 12.79 68.7285 1.55017 1.97221 1.77756 0.0736683 -0.609458 0.0685539 0.786406
128.988 13.1806 64.0946 0.51503 0.478727 0.47293 -0.00467351 -0.619512 -0.0156798 0.784817
130.918 13.106 64.1939 0.452208 0.420334 0.415244 0.0103766 0.363603 -0.0105826 0.931436
123.354 13.1422 64.4929 0.406803 0.378129 0.37355 0.0180302 -0.267283 0.00881759 0.963409
129.67 13.1167 63.756 0.659325 0.609543 0.74126 0.00197704 -0.0187361 -0.0162441 0.999691
127.122 13.1002 60.8837 0.438117 0.405037 0.492563 -0.0107001 -0.0856455 -0.00478332 0.996257
116.14 12.8206 68.0924 0.605616 0.562929 0.556113 0.013378 -0.354237 0.0266195 0.934681
114.836 12.594 69.3781 0.453089 0.421153 0.416053 -0.0373666 0.913078 0.0385455 0.404236
116.252 12.6213 68.8201 0.377448 0.348948 0.424354 -0.0364547 0.855445 0.00142095 -0.516608
166.262 2.88559 42.2158 1.04019 3.35048 1.16091 0.0480035 -0.510204 -0.0152551 0.858577
158.292 3.58961 -1.99912 1.3302 4.2846 1.48457 0 -0.511938 0 0.859022
164.256 1.9075 -11.4794 0.899097 0.835724 0.825604 0.0271184 -0.444134 -0.0196481 0.895335
164.534 1.66141 -10.2275 0.643098 0.597768 0.59053 0.021575 0.933146 0.0323406 0.357389
129.753 12.6906 77.4182 0.633541 0.588886 0.581755 0.0384718 0.247239 -0.00968055 0.968142
123.61 0.354133 15.2898 1.11975 1.0352 1.2589 0.0048237 0.459536 0.0128169 0.888053
132.388 0.368575 17.8567 0.720366 0.669591 0.661483 -0.0137622 -0.302128 0.00493431 0.953155
169.345 6.95142 59.6816 0.673876 0.626378 0.618793 0.256685 0.827792 0.109911 -0.486614
37.4246 5.73752 -21.1634 0.751945 0.698945 0.690481 0.15236 0.135434 0.36027 0.910302
30.1712 6.82219 -24.0132 0.903084 0.89954 0.903924 -0.408983 0.89649 -0.169956 0.012355
28.968 5.28239 -19.0867 0.795473 0.735411 0.894329 -0.00181974 0.985914 0.00280426 0.167222
30.7097 9.27291 -27.304 0.708364 0.654879 0.796394 0.260456 -0.535667 -0.0484081 0.801798
31.5193 8.21101 -25.8896 0.708364 0.654879 0.796394 0.434659 -0.141414 -0.17998 0.871023
33.9562 5.19277 -24.1092 1.32932 1.23562 1.22066 0.271582 -0.325063 -0.191561 0.885371
32.7664 6.84837 -25.0302 1.2428 1.14896 1.39724 0.403527 0.377215 0.189302 0.811812
43.364 8.78878 -15.7506 0.708364 0.654879 0.796394 0.0764673 0.0132904 0.114586 0.990377
43.7331 8.26458 -14.7142 0.751945 0.698945 0.690481 0.0379152 0.389514 0.123125 0.911966
29.0408 5.62178 -14.1932 0.708364 0.654879 0.796394 -0.0110673 0.0698576 0.00311543 0.997491
31.9298 5.01617 -7.41955 0.751945 0.698945 0.690481 0.00196629 0.407188 -0.109007 0.906814
32.6276 5.18416 -6.32614 0.903084 0.89954 0.903924 -0.105134 0.306695 0.00534459 0.945969
33.4137 5.06395 -2.79845 0.751945 0.698945 0.690481 -0.00854447 0.971112 -0.00263496 -0.238455
36.0948 4.98557 -3.6634 0.751945 0.698945 0.690481 -0.0153998 -0.0290909 -0.00610783 0.999439
28.7918 5.1886 -12.9001 0.903084 0.89954 0.903924 0.00763218 -0.321194 -0.125954 0.938569
30.0169 5.25806 -11.2899 0.751945 0.698945 0.690481 -0.00439974 0.197652 0.0130451 0.980175
30.0872 5.54348 -9.94917 0.903084 0.89954 0.903924 0.0156043 0.527509 0.0331825 0.848758
31.2462 5.1894 -9.2118 0.751945 0.698945 0.690481 0.137035 0.713731 0.0122996 -0.686774
37.0525 4.71972 -5.46702 0.751945 0.698945 0.690481 -0.0212573 0.158194 0.0845068 0.983555
43.1832 7.53281 -12.0346 1.63347 0.493388 1.333 -0.0499557 0.972691 0.150839 -0.169187
38.3124 5.56639 -5.07314 0.903084 0.89954 0.903924 -0.152104 -0.297867 0.188585 0.92335
30.9934 5.0301 -7.96387 0.903084 0.89954 0.903924 0.00998768 -0.557426 0.0248774 0.829794
40.6743 6.55697 -11.0337 0.751945 0.698945 0.690481 0.242495 0.623962 0.0160671 0.742704
41.3106 6.77959 -11.8992 0.751945 0.698945 0.690481 -0.190382 0.792413 0.15785 0.557602
41.1757 6.70477 -9.9081 1.63347 0.493388 1.333 -0.0193033 0.218731 0.0498918 0.974318
40.2122 6.21772 -12.051 0.903084 0.89954 0.903924 -0.0634251 -0.0202417 0.325302 0.943264
38.9488 5.6328 -19.5828 0.751945 0.698945 0.690481 -0.165261 -0.36182 0.107614 0.91115
38.3688 4.69911 -16.2469 0.751945 0.698945 0.690481 -0.284226 0.776727 0.0201291 -0.561699
29.7999 4.58157 -19.1004 0.751945 0.698945 0.690481 -0.0165548 0.377059 0.000632483 0.926041
32.396 5.36212 -4.41819 1.63347 0.493388 1.333 -0.0135369 0.826516 0.0362221 -0.561583
-4.03018 0.46406 39.275 0.910233 0.846074 0.83583 0.0063242 -0.677976 -0.0116522 0.734964
18.0263 0.28512 30.6745 0.510807 0.508802 0.511283 -0.00406072 0.745511 -0.00725825 -0.666442
19.0156 0.0865464 58.5918 1.79738 0.542898 1.46676 0.00402432 0.714554 0.00407557 0.699556
-15.4768 0.194995 38.0434 0.621418 0.574497 0.698644 0.00113767 0.850276 -0.00280978 0.526328
29.2254 0.302408 32.8614 0.541851 0.539724 0.542355 0.000614218 -0.548251 0.0135213 0.836204
6.12352 0.220357 45.8971 0.703534 0.650413 0.790964 -0.0064895 0.596432 0.00634489 0.802612
43.7971 0.513779 37.901 0.922281 0.91866 0.923139 -0.0132563 0.693098 0.00243015 0.720717
25.6535 0.324835 10.9397 0.795205 0.739155 0.730205 -0.00612481 0.762587 0.0184064 -0.646595
21.0785 4.1707 2.67105 0.67735 0.626207 0.761526 0.042069 -0.0383984 -0.0197063 0.998182
42.6794 4.53025 2.93119 0.614576 0.568172 0.69095 -0.157326 0.702668 0.129602 -0.681695
35.0748 5.14311 -3.28886 0.751945 0.698945 0.690481 -0.284226 0.776727 0.0201291 -0.561699
34.3214 5.06578 -2.53088 0.708364 0.654879 0.796394 0.000989721 0.992946 0.0114548 0.118008
28.1758 5.43021 -10.9938 1.63347 0.493388 1.333 -0.0465869 0.983425 -0.013725 -0.174691
36.3371 5.06706 -4.53033 0.751945 0.698945 0.690481 0.124347 0.806138 -0.0717683 0.574046
37.294 5.1894 -4.61804 0.751945 0.698945 0.690481 -0.137568 -0.637414 0.00220429 0.758138
37.21 5.05557 -5.62462 0.751945 0.698945 0.690481 -0.0107194 -0.495611 -0.0126315 0.868386
35.558 5.40972 -2.30539 0.903084 0.89954 0.903924 -0.10693 -0.1479 0.313704 0.931816
38.3051 5.27572 -6.41729 0.903084 0.89954 0.903924 -0.139539 -0.245715 0.300621 0.910923
39.9139 5.88306 -10.317 0.751945 0.698945 0.690481 -0.0109541 -0.385554 0.00833907 0.922582
39.7086 5.4774 -11.3193 0.751945 0.698945 0.690481 -0.0402969 0.524811 0.131552 0.840026
39.0637 5.15957 -10.6484 0.751945 0.698945 0.690481 -0.00948891 -0.574778 -0.0135801 0.818141
39.4195 5.28421 -8.6081 1.63347 0.493388 1.333 0.00311547 0.387222 -0.0484665 0.920706
40.0342 5.21743 -16.3476 0.67735 0.626207 0.761526 0.257194 -0.0144223 -0.0303533 0.965775
36.0765 10.6628 -26.4623 0.795205 0.739155 0.730205 -0.00612481 0.762587 0.0184064 -0.646595
40.3925 9.18784 -20.8684 0.795205 0.739155 0.730205 -0.0117472 0.10397 -0.0154375 0.994391
39.8774 6.16624 -4.63281 0.614576 0.568172 0.69095 -0.157326 0.702668 0.129602 -0.681695
27.4654 6.04825 -13.8108 0.614576 0.568172 0.69095 -0.157326 0.702668 0.129602 -0.681695
28.8518 5.33831 -15.2685 0.614575 0.568172 0.69095 0.0105448 0.0740104 -0.11832 0.990157
27.9698 6.57878 -17.9792 0.708364 0.654879 0.796394 -0.0110673 0.0698576 0.00311543 0.997491
27.5986 6.88229 -17.4075 0.708364 0.654879 0.796394 -0.00537341 -0.674375 0.0101645 0.738299
31.1355 8.69884 -26.6123 0.795205 0.739155 0.730205 -0.00612481 0.762587 0.0184064 -0.646595
32.8228 4.97011 -10.6709 0.751945 0.698945 0.690481 -0.284226 0.776727 0.0201291 -0.561699
28.8569 5.34568 -7.5376 0.526362 0.489261 0.483337 -0.284226 0.776727 0.0201291 -0.561699
31.3122 5.05558 -10.1926 0.708364 0.654879 0.796394 0.0952738 -0.25667 -0.017979 0.961624
34.1534 3.92724 3.5177 0.614576 0.568172 0.69095 0.144122 -0.633793 -0.144143 0.746162
24.291 4.48072 2.85662 0.903084 0.89954 0.903924 0.102494 0.396998 0.330562 0.850068
27.4325 4.88318 1.61482 0.903084 0.89954 0.903924 -0.118195 -0.197664 0.32528 0.917144
48.6035 0.627835 15.6267 0.795205 0.739155 0.730205 -0.00612481 0.762587 0.0184064 -0.646595
29.6149 5.1375 -1.02119 1.63347 0.493388 1.333 -0.0283071 0.826142 0.026179 -0.562141
6.97811 -0.0845044 37.6756 0.566691 0.523903 0.637115 -0.0064895 0.596432 0.00634489 0.802612
7.63008 -0.363496 37.9459 0.566691 0.523903 0.637115 -0.00895984 -0.00962005 0.00964576 0.999867
10.5519 0.0122129 40.8598 0.566691 0.523903 0.637115 -0.105708 0.0718858 -0.179286 0.975456
10.0599 -0.285691 40.438 0.566691 0.523903 0.637115 -0.219248 0.921023 -0.139895 0.28996
131.402 13.189 67.7801 0.656834 0.55 0.675236 0 0.729596 0 -0.683878
127.859 12.9766 70.9064 0.30441 0.367604 0.264904 0 0.97209 0 0.234609
130.89 12.9766 68.2357 0.30441 0.367604 0.264904 0 -0.353562 0 0.935411
126.636 12.9766 72.3057 0.30441 0.367604 0.264904 0 -0.393375 0 0.919378
127.64 13.189 71.7581 0.656834 0.55 0.675236 0 0 0 1
126.591 14.1041 64.682 0.747336 1.24771 1.47876 0 -0.666356 0 0.745634
28.327 0.267604 54.4358 0.30441 0.367604 0.264904 0 0.176331 0 0.984331
28.6359 0.267604 52.6923 0.30441 0.367604 0.264904 0 0.940621 0 0.33946
26.9685 0.267604 53.1921 0.30441 0.367604 0.264904 0 0.60876 0 0.793354
27.952 0.45 53.4451 0.656834 0.55 0.675236 0 0 0 1
33.3627 0.116536 54.6225 0.584141 0.297915 0.584472 0 0 0 1
51.2787 0.940708 15.5219 0.584141 0.297915 0.584472 0.0972094 -0.229118 0.0151335 0.968414
49.7456 1.0606 14.8268 0.30441 0.367604 0.264904 0 0.989796 0 0.142491
0.21572 0.0364588 29.5445 0.88986 0.0566685 0.136022 0 0.21811 0 0.975924
-0.035 0.091 29.182 0.947888 0.079435 0.125013 -0.00461239 -0.259677 0.0171498 0.965532
164.083 0.817 -4.119 0.813232 0.0681505 0.107253 0.038931 -0.485828 -0.0261265 0.872796
164.516 0.958828 -4.59564 0.463441 0.10299 0.109817 0.0378526 0.641449 0.0215387 0.765929
157.426 0.395 0.304 0.803927 0.0673707 0.106026 0.0367497 0.716353 0.0294363 0.696147
137.118 0.146023 11.4382 0.477091 0.106023 0.113051 0 0.410975 0 0.911647
134.002 0.0366465 12.9662 0.842694 0.0536648 0.128813 0 0.666268 0 0.745712
48.3642 5.81187 -0.601686 0.374471 0.0736869 0.11537 0.0828599 0.444366 0.0370025 0.891237
47.5832 5.7262 -0.300756 0.773704 0.0492714 0.118267 -0.0197772 0.954645 0.0867415 -0.284145
40.4516 4.3062 7.40522 0.479304 0.106515 0.113576 0.0354487 -0.446996 -0.0593218 0.891863
43.0565 4.46224 4.78351 0.402289 0.0791607 0.12394 0.0586011 -0.661764 -0.04465 0.746084
42.61 4.42 4.408 0.840091 0.0704014 0.110796 0.0618473 0.40391 0.0481219 0.911436
43.298 4.248 6.156 0.859946 0.0720651 0.113414 0.0458254 0.943747 0.0314288 0.325966
40.644 4.58154 3.75287 0.517284 0.114955 0.122576 -0.00513691 0.35484 0.0850763 0.931034
39.983 6.819 -5.946 0.803491 0.0673342 0.105969 0.0456252 0.760896 0.0719661 -0.643254
40.378 6.591 -5.652 0.792725 0.066432 0.104549 0.141964 -0.0796579 -0.155823 0.974279
32.6799 5.04653 2.15396 0.773103 0.0492331 0.118175 -0.0287805 0.716722 0.198376 -0.667928
3.43111 0.686752 45.3983 0.245036 2.34712 0.111058 0 -0.130929 0 0.991392
-5.42176 0.686752 50.8786 0.245036 2.34712 0.111058 0 -0.682542 0 0.730847
-8.30003 0.686752 81.3882 0.245036 2.34712 0.111058 0 0.965959 0 -0.258694
24.0107 0.686752 76.347 0.245036 2.34712 0.111058 0 0.707532 0 0.706681
29.8533 0.686752 32.32 0.245036 2.34712 0.111058 0 -0.499297 0 0.866431
24.8936 0.686752 55.0851 0.245036 2.34712 0.111058 0 0.963412 0 -0.268026
27.7721 1.14475 56.9374 0.245036 2.34712 0.111058 0 -0.491714 0 0.870757
-1.47604 0.686752 21.4068 0.245036 2.34712 0.111058 0 0.438946 0 0.898513
3.67762 0.152441 42.5199 0.332219 1.35739 2.01749 0 0.999969 0 -0.0078495
3.69765 0.253195 38.725 0.199727 1.45814 2.14942 0 0.999567 0 0.0294373
2.63786 0.253195 48.5114 0.199727 1.45814 2.14942 0 0.987227 0 0.159322
1.84866 0.152441 52.1502 0.332219 1.35739 2.01749 0 0.995834 0 0.0911821
0.702567 0.532195 59.4995 0.199727 1.45814 2.14942 0 -0.114538 0 0.993419
1.15993 0.431441 55.8044 0.332219 1.35739 2.01749 0 -0.0460787 0 0.998938
-0.142293 0.253195 63.6597 0.199727 1.45814 2.14942 0 0.999061 0 0.0433145
-0.0686767 0.152441 67.3823 0.332219 1.35739 2.01749 0 0.999678 0 -0.0253641
-0.963951 0.532195 74.9593 0.199727 1.45814 2.14942 0 -0.114538 0 0.993419
-0.506589 0.431441 71.2642 0.332219 1.35739 2.01749 0 -0.0460787 0 0.998938
-2.30802 0.253195 78.8226 0.199727 1.45814 2.14942 0 0.985431 0 0.170078
-3.63975 0.152441 82.3276 0.332219 1.35739 2.01749 0 0.988229 0 0.152982
-4.7337 -0.0555586 85.9907 0.332219 1.35739 2.01749 0 -0.0417436 0 0.999128
-3.61975 0.253195 86.3173 0.199727 1.45814 2.14942 0 0.955774 0 0.294104
-0.911609 0.253195 83.4153 0.199727 1.45814 2.14942 0 0.892984 0 0.450088
6.50237 0.253195 80.6528 0.199727 1.45814 2.14942 0 0.76837 0 0.640006
2.8093 0.152441 81.7418 0.332219 1.35739 2.01749 0 0.819724 0 0.572758
21.9805 0.152441 77.4042 0.332219 1.35739 2.01749 0 0.853917 0 0.520409
14.7093 0.532195 79.7156 0.199727 1.45814 2.14942 0 -0.634597 0 0.772843
18.2639 0.431441 78.6073 0.332219 1.35739 2.01749 0 -0.580052 0 0.814579
10.6356 0.253195 80.0857 0.199727 1.45814 2.14942 0 0.736032 0 0.676946
19.7163 0.0144414 28.3979 0.332219 1.35739 2.01749 0 -0.608342 0 0.793675
16.0249 0.270195 28.9329 0.199727 1.45814 2.14942 0 0.707627 0 -0.706587
23.4092 0.404195 28.1915 0.199727 1.45814 2.14942 0 0.681008 0 0.732276
-4.26537 0.152441 53.2772 0.332219 1.35739 2.01749 0 0.186313 0 0.98249
-4.06009 0.532195 60.5283 0.199727 1.45814 2.14942 0 0.993419 0 0.114541
-3.36867 0.431441 56.6327 0.332219 1.35739 2.01749 0 0.999886 0 -0.0150752
-4.48619 0.253195 64.0805 0.199727 1.45814 2.14942 0 -0.0433174 0 0.999061
-4.84249 0.152441 68.2029 0.332219 1.35739 2.01749 0 -0.0338136 0 0.999428
-5.7266 0.532195 75.9881 0.199727 1.45814 2.14942 0 0.993419 0 0.114541
-5.01559 0.431441 72.1048 0.332219 1.35739 2.01749 0 0.998938 0 0.0460817
-7.13248 0.253195 79.24 0.199727 1.45814 2.14942 0 -0.215432 0 0.976519
36.7761 4.88543 3.48321 0.199727 1.45814 2.14942 0.0151754 0.755889 -0.0167814 -0.654309
40.3347 4.76644 3.12299 0.332219 1.35739 2.01749 0 -0.560215 0 0.828347
47.6777 5.70147 2.42465 0.199727 1.45814 2.14942 -0.0083067 0.800591 0.0111014 0.59905
43.9551 5.04544 2.83548 0.332219 1.35739 2.01749 0 0.711622 0 0.702562
51.3167 5.45288 0.805668 0.332219 1.35739 2.01749 -0.0148958 0.891242 0.0293495 0.452332
52.0968 6.6446 -3.76541 0.199727 1.45814 2.14942 0.0153738 -0.613565 -0.0177533 0.789295
55.5957 6.52687 -3.7233 0.332219 1.35739 2.01749 0.00655403 0.821484 0.0615426 -0.566862
48.4516 6.00875 -2.32404 0.332219 1.35739 2.01749 0.0296382 -0.469862 0.0143127 0.882126
57.984 6.18663 -0.913224 0.199727 1.45814 2.14942 0.00962205 0.978491 0.0720753 -0.193049
58.6464 5.40907 2.6613 0.332219 1.35739 2.01749 0.0454187 0.0172587 -0.0377656 0.998105
-4.03208 0.152441 20.0606 0.332219 1.35739 2.01749 0 0.828943 0 -0.559333
-7.52061 0.253195 18.5667 0.199727 1.45814 2.14942 0 0.84922 0 -0.528039
0.902785 0.253195 23.2521 0.199727 1.45814 2.14942 0 0.910739 0 -0.412983
3.94841 0.152441 25.394 0.332219 1.35739 2.01749 0 0.880243 0 -0.474523
-10.3574 0.325441 16.9185 0.332219 1.35739 2.01749 0 0.816638 0 -0.57715
41.6844 4.24607 6.15587 0.525713 0.00111051 0.328917 0.0443963 0.581943 0.0138261 0.811899
44.7776 4.1895 5.5439 0.359746 0.00250073 0.251974 0.0692232 0.106617 0.0349722 0.991271
45.117 4.78042 3.83726 0.471791 0.00327961 0.330454 0.0354839 0.793865 0.0714673 -0.602837
48.5371 5.56182 5.79117 0.387178 0.000817868 0.242241 0 0.68899 0 0.724771
40.1678 4.00617 8.57885 0.406858 0.00085944 0.254554 0.0809782 -0.0726138 -0.0635144 0.992036
57.5997 2.13754 10.6577 0.317309 0.00220574 0.222251 0.097524 0.499131 0.0788372 0.857404
56.535 2.66993 8.67431 0.369275 0.00078005 0.23104 -0.119561 0.709375 0.0990242 -0.687522
57.742 4.40853 3.92429 0.522812 0.00363427 0.36619 0.136361 0.319759 0.0565677 0.935927
57.538 5.03804 1.81841 0.41951 0.00291618 0.293835 0.136759 -0.0262854 0.00206586 0.990253
38.4921 6.74746 -4.56389 0.328947 0.000694861 0.205809 -0.0931279 0.775181 0.14624 0.607482
32.7219 5.84277 -4.26051 0.453341 0.00315135 0.317531 0.0100962 0.865464 0.0375743 -0.499459
28.4073 5.92824 -11.5664 0.308912 0.00214737 0.216369 -0.0290789 0.333707 -0.00871004 0.942188
29.0642 7.31148 -0.725686 0.365251 0.00077155 0.228523 0.13094 0.801079 0.120858 -0.571419
30.6123 5.30118 0.639599 0.401377 0.000847861 0.251125 -0.018381 0.871213 -0.0547528 -0.487497
36.3459 5.514 -19.0715 1.08206 1.49012e-08 1.00533 0 0.491504 0 0.870875
35.3678 5.514 -20.3385 1.08206 1.49012e-08 1.00533 0 0.971855 0 -0.235579
34.1707 5.514 -22.0572 1.08206 1.49012e-08 1.00533 0 0.579796 0 0.814762
32.9106 5.514 -21.0107 1.08206 1.49012e-08 1.00533 0 0.892939 0 0.450177
30.9226 5.514 -21.0311 1.08206 1.49012e-08 1.00533 0 -0.212081 0 0.977252
31.5672 5.514 -19.1729 1.08206 1.49012e-08 1.00533 0 0.344501 0 0.938786
31.2069 5.514 -17.498 1.08206 1.49012e-08 1.00533 0 0.938988 0 -0.343949
30.499 5.514 -16.0596 1.08206 1.49012e-08 1.00533 0 0.966402 0 -0.257036
31.715 5.514 -15.7914 1.08206 1.49012e-08 1.00533 0 0.788772 0 -0.614685
37.4527 5.514 -18.331 1.08206 1.49012e-08 1.00533 0 -0.651612 0 0.758552
38.7682 5.514 -17.4753 1.08206 1.49012e-08 1.00533 0 0.989369 0 0.145427
38.6295 5.514 -15.4232 1.08206 1.49012e-08 1.00533 0 0.618012 0 0.786169
38.7402 5.514 -13.6476 1.08206 1.49012e-08 1.00533 0 0.416464 0 0.909152
30.4522 5.514 -12.9164 1.08206 1.49012e-08 1.00533 0 0.229887 0 0.973217
30.2267 5.514 -14.9235 1.08206 1.49012e-08 1.00533 0 0.299986 0 0.953943
33.0117 5.514 -9.82882 1.08206 1.49012e-08 1.00533 0 0.902975 0 -0.429694
31.5437 5.514 -11.7766 1.08206 1.49012e-08 1.00533 0 0.749042 0 -0.662523
35.4242 5.514 -4.1689 1.08206 1.49012e-08 1.00533 0 0.935651 0 0.352926
32.8596 5.514 -5.9072 1.08206 1.49012e-08 1.00533 0 0.28523 0 0.958459
37.2891 5.514 -12.6035 1.08206 1.49012e-08 1.00533 0 0.962759 0 0.270362
37.4614 5.514 -10.1652 1.08206 1.49012e-08 1.00533 0 0.896479 0 -0.443087
37.2092 5.514 -8.1056 1.08206 1.49012e-08 1.00533 0 0.787276 0 -0.616601
32.3098 5.514 -22.7128 1.08206 1.49012e-08 1.00533 0 -0.460388 0 0.887718
36.2051 5.514 -20.5422 1.08206 1.49012e-08 1.00533 0 -0.0524171 0 0.998625
38.6362 5.514 -11.9879 1.08206 1.49012e-08 1.00533 0 0.935651 0 0.352926
32.5911 5.514 -16.8735 1.08206 1.49012e-08 1.00533 0 0.491504 0 0.870875
33.6979 5.514 -16.1329 1.08206 1.49012e-08 1.00533 0 -0.651612 0 0.758552
35.6952 5.514 -16.433 1.08206 1.49012e-08 1.00533 0 0.989369 0 0.145427
32.4503 5.514 -18.3442 1.08206 1.49012e-08 1.00533 0 -0.0524171 0 0.998625
32.7991 5.514 -8.43669 1.08206 1.49012e-08 1.00533 0 0.657955 0 0.753057
35.9474 5.514 -6.84376 1.08206 1.49012e-08 1.00533 0 0.746667 0 -0.665198
35.0014 5.514 -14.7952 1.08206 1.49012e-08 1.00533 0 0.896479 0 -0.443087
33.1914 5.514 -12.0352 1.08206 1.49012e-08 1.00533 0 0.896479 0 -0.443087
